eMin: -4.289944 at state 0 ( [ +0.125000 +0.125000 +0.500000 ] spin 0 )
HOMO: -0.156637 at state 0 ( [ +0.125000 +0.125000 +0.500000 ] spin 0 )
mu  : -0.156552
LUMO: -0.156333 at state 2 ( [ +0.125000 -0.375000 +0.500000 ] spin 0 )
eMax: +0.328035 at state 0 ( [ +0.125000 +0.125000 +0.500000 ] spin 0 )
HOMO-LUMO gap: +0.000303
Optical gap  : +0.000550 at state 0 ( [ +0.125000 +0.125000 +0.500000 ] spin 0 )
