eMin: -4.326605 at state 0 ( [ +0.125000 +0.125000 +0.500000 ] spin 0 )
HOMO: -0.193379 at state 3 ( [ +0.125000 -0.125000 +0.500000 ] spin 0 )
mu  : -0.193301
LUMO: -0.192757 at state 5 ( [ +0.375000 +0.375000 +0.500000 ] spin 0 )
eMax: +0.310323 at state 0 ( [ +0.125000 +0.125000 +0.500000 ] spin 0 )
HOMO-LUMO gap: +0.000622
Optical gap  : +0.002373 at state 3 ( [ +0.125000 -0.125000 +0.500000 ] spin 0 )
