eMin: -4.282268 at state 0 ( [ +0.125000 +0.125000 +0.500000 ] spin 0 )
HOMO: -0.149821 at state 1 ( [ +0.125000 +0.375000 +0.500000 ] spin 0 )
mu  : -0.149202
LUMO: -0.148659 at state 7 ( [ +0.375000 -0.125000 +0.500000 ] spin 0 )
eMax: +0.330985 at state 0 ( [ +0.125000 +0.125000 +0.500000 ] spin 0 )
HOMO-LUMO gap: +0.001162
Optical gap  : +0.003770 at state 0 ( [ +0.125000 +0.125000 +0.500000 ] spin 0 )
