eMin: -4.304851 at state 0 ( [ +0.125000 +0.125000 +0.500000 ] spin 0 )
HOMO: -0.171716 at state 1 ( [ +0.125000 +0.375000 +0.500000 ] spin 0 )
mu  : -0.171252
LUMO: -0.170530 at state 0 ( [ +0.125000 +0.125000 +0.500000 ] spin 0 )
eMax: +0.477049 at state 5 ( [ +0.375000 +0.375000 +0.500000 ] spin 0 )
HOMO-LUMO gap: +0.001186
Optical gap  : +0.007342 at state 2 ( [ +0.125000 -0.375000 +0.500000 ] spin 0 )
