eMin: -4.319250 at state 0 ( [ +0.125000 +0.125000 +0.500000 ] spin 0 )
HOMO: -0.187586 at state 7 ( [ +0.375000 -0.125000 +0.500000 ] spin 0 )
mu  : -0.185951
LUMO: -0.185910 at state 5 ( [ +0.375000 +0.375000 +0.500000 ] spin 0 )
eMax: +0.311595 at state 0 ( [ +0.125000 +0.125000 +0.500000 ] spin 0 )
HOMO-LUMO gap: +0.001675
Optical gap  : +0.004781 at state 1 ( [ +0.125000 +0.375000 +0.500000 ] spin 0 )
