eMin: -4.306219 at state 0 ( [ +0.125000 +0.125000 +0.500000 ] spin 0 )
HOMO: -0.172856 at state 1 ( [ +0.125000 +0.375000 +0.500000 ] spin 0 )
mu  : -0.172835
LUMO: -0.171543 at state 0 ( [ +0.125000 +0.125000 +0.500000 ] spin 0 )
eMax: +0.317525 at state 0 ( [ +0.125000 +0.125000 +0.500000 ] spin 0 )
HOMO-LUMO gap: +0.001314
Optical gap  : +0.007514 at state 2 ( [ +0.125000 -0.375000 +0.500000 ] spin 0 )
