eMin: -4.300689 at state 0 ( [ +0.125000 +0.125000 +0.500000 ] spin 0 )
HOMO: -0.169366 at state 3 ( [ +0.125000 -0.125000 +0.500000 ] spin 0 )
mu  : -0.167456
LUMO: -0.167411 at state 0 ( [ +0.125000 +0.125000 +0.500000 ] spin 0 )
eMax: +0.322939 at state 0 ( [ +0.125000 +0.125000 +0.500000 ] spin 0 )
HOMO-LUMO gap: +0.001955
Optical gap  : +0.003725 at state 1 ( [ +0.125000 +0.375000 +0.500000 ] spin 0 )
