eMin: -4.289968 at state 0 ( [ +0.125000 +0.125000 +0.500000 ] spin 0 )
HOMO: -0.157202 at state 0 ( [ +0.125000 +0.125000 +0.500000 ] spin 0 )
mu  : -0.156552
LUMO: -0.156431 at state 0 ( [ +0.125000 +0.125000 +0.500000 ] spin 0 )
eMax: +0.323939 at state 0 ( [ +0.125000 +0.125000 +0.500000 ] spin 0 )
HOMO-LUMO gap: +0.000771
Optical gap  : +0.000771 at state 0 ( [ +0.125000 +0.125000 +0.500000 ] spin 0 )
