eMin: -4.282637 at state 0 ( [ +0.125000 +0.125000 +0.500000 ] spin 0 )
HOMO: -0.149725 at state 0 ( [ +0.125000 +0.125000 +0.500000 ] spin 0 )
mu  : -0.149202
LUMO: -0.144335 at state 6 ( [ +0.375000 -0.375000 +0.500000 ] spin 0 )
eMax: +0.328795 at state 0 ( [ +0.125000 +0.125000 +0.500000 ] spin 0 )
HOMO-LUMO gap: +0.005389
Optical gap  : +0.005722 at state 0 ( [ +0.125000 +0.125000 +0.500000 ] spin 0 )
