eMin: -4.326732 at state 0 ( [ +0.125000 +0.125000 +0.500000 ] spin 0 )
HOMO: -0.194117 at state 3 ( [ +0.125000 -0.125000 +0.500000 ] spin 0 )
mu  : -0.193301
LUMO: -0.193013 at state 5 ( [ +0.375000 +0.375000 +0.500000 ] spin 0 )
eMax: +0.310077 at state 0 ( [ +0.125000 +0.125000 +0.500000 ] spin 0 )
HOMO-LUMO gap: +0.001104
Optical gap  : +0.003210 at state 3 ( [ +0.125000 -0.125000 +0.500000 ] spin 0 )
