eMin: -4.282700 at state 0 ( [ +0.125000 +0.125000 +0.500000 ] spin 0 )
HOMO: -0.149852 at state 0 ( [ +0.125000 +0.125000 +0.500000 ] spin 0 )
mu  : -0.149202
LUMO: -0.144468 at state 6 ( [ +0.375000 -0.375000 +0.500000 ] spin 0 )
eMax: +0.326966 at state 0 ( [ +0.125000 +0.125000 +0.500000 ] spin 0 )
HOMO-LUMO gap: +0.005384
Optical gap  : +0.005905 at state 0 ( [ +0.125000 +0.125000 +0.500000 ] spin 0 )
