eMin: -4.326323 at state 0 ( [ +0.125000 +0.125000 +0.500000 ] spin 0 )
HOMO: -0.195108 at state 7 ( [ +0.375000 -0.125000 +0.500000 ] spin 0 )
mu  : -0.193301
LUMO: -0.192197 at state 5 ( [ +0.375000 +0.375000 +0.500000 ] spin 0 )
eMax: +0.312745 at state 0 ( [ +0.125000 +0.125000 +0.500000 ] spin 0 )
HOMO-LUMO gap: +0.002911
Optical gap  : +0.006619 at state 1 ( [ +0.125000 +0.375000 +0.500000 ] spin 0 )
