eMin: -4.319037 at state 0 ( [ +0.125000 +0.125000 +0.500000 ] spin 0 )
HOMO: -0.186028 at state 5 ( [ +0.375000 +0.375000 +0.500000 ] spin 0 )
mu  : -0.185951
LUMO: -0.185030 at state 3 ( [ +0.125000 -0.125000 +0.500000 ] spin 0 )
eMax: +0.318196 at state 0 ( [ +0.125000 +0.125000 +0.500000 ] spin 0 )
HOMO-LUMO gap: +0.000998
Optical gap  : +0.006056 at state 1 ( [ +0.125000 +0.375000 +0.500000 ] spin 0 )
