eMin: -4.306944 at state 0 ( [ +0.125000 +0.125000 +0.500000 ] spin 0 )
HOMO: -0.173626 at state 3 ( [ +0.125000 -0.125000 +0.500000 ] spin 0 )
mu  : -0.173422
LUMO: -0.172479 at state 0 ( [ +0.125000 +0.125000 +0.500000 ] spin 0 )
eMax: +0.316778 at state 0 ( [ +0.125000 +0.125000 +0.500000 ] spin 0 )
HOMO-LUMO gap: +0.001147
Optical gap  : +0.007523 at state 2 ( [ +0.125000 -0.375000 +0.500000 ] spin 0 )
