eMin: -4.326729 at state 0 ( [ +0.125000 +0.125000 +0.500000 ] spin 0 )
HOMO: -0.193737 at state 3 ( [ +0.125000 -0.125000 +0.500000 ] spin 0 )
mu  : -0.193301
LUMO: -0.192917 at state 5 ( [ +0.375000 +0.375000 +0.500000 ] spin 0 )
eMax: +0.310397 at state 0 ( [ +0.125000 +0.125000 +0.500000 ] spin 0 )
HOMO-LUMO gap: +0.000821
Optical gap  : +0.002887 at state 3 ( [ +0.125000 -0.125000 +0.500000 ] spin 0 )
