eMin: -4.282420 at state 0 ( [ +0.125000 +0.125000 +0.500000 ] spin 0 )
HOMO: -0.150951 at state 0 ( [ +0.125000 +0.125000 +0.500000 ] spin 0 )
mu  : -0.149202
LUMO: -0.148844 at state 7 ( [ +0.375000 -0.125000 +0.500000 ] spin 0 )
eMax: +0.328616 at state 0 ( [ +0.125000 +0.125000 +0.500000 ] spin 0 )
HOMO-LUMO gap: +0.002107
Optical gap  : +0.004270 at state 7 ( [ +0.375000 -0.125000 +0.500000 ] spin 0 )
