eMin: -4.306378 at state 0 ( [ +0.125000 +0.125000 +0.500000 ] spin 0 )
HOMO: -0.173213 at state 3 ( [ +0.125000 -0.125000 +0.500000 ] spin 0 )
mu  : -0.172948
LUMO: -0.172876 at state 1 ( [ +0.125000 +0.375000 +0.500000 ] spin 0 )
eMax: +0.317261 at state 0 ( [ +0.125000 +0.125000 +0.500000 ] spin 0 )
HOMO-LUMO gap: +0.000337
Optical gap  : +0.004956 at state 1 ( [ +0.125000 +0.375000 +0.500000 ] spin 0 )
