eMin: -4.326610 at state 0 ( [ +0.125000 +0.125000 +0.500000 ] spin 0 )
HOMO: -0.194411 at state 7 ( [ +0.375000 -0.125000 +0.500000 ] spin 0 )
mu  : -0.193301
LUMO: -0.192142 at state 3 ( [ +0.125000 -0.125000 +0.500000 ] spin 0 )
eMax: +0.309644 at state 0 ( [ +0.125000 +0.125000 +0.500000 ] spin 0 )
HOMO-LUMO gap: +0.002269
Optical gap  : +0.005455 at state 1 ( [ +0.125000 +0.375000 +0.500000 ] spin 0 )
