eMin: -4.296796 at state 0 ( [ +0.125000 +0.125000 +0.500000 ] spin 0 )
HOMO: -0.165182 at state 3 ( [ +0.125000 -0.125000 +0.500000 ] spin 0 )
mu  : -0.163728
LUMO: -0.163438 at state 0 ( [ +0.125000 +0.125000 +0.500000 ] spin 0 )
eMax: +0.323249 at state 0 ( [ +0.125000 +0.125000 +0.500000 ] spin 0 )
HOMO-LUMO gap: +0.001745
Optical gap  : +0.001800 at state 3 ( [ +0.125000 -0.125000 +0.500000 ] spin 0 )
