eMin: -4.304656 at state 0 ( [ +0.125000 +0.125000 +0.500000 ] spin 0 )
HOMO: -0.171317 at state 1 ( [ +0.125000 +0.375000 +0.500000 ] spin 0 )
mu  : -0.171252
LUMO: -0.170329 at state 0 ( [ +0.125000 +0.125000 +0.500000 ] spin 0 )
eMax: +0.486409 at state 5 ( [ +0.375000 +0.375000 +0.500000 ] spin 0 )
HOMO-LUMO gap: +0.000988
Optical gap  : +0.007360 at state 2 ( [ +0.125000 -0.375000 +0.500000 ] spin 0 )
