eMin: -4.289798 at state 0 ( [ +0.125000 +0.125000 +0.500000 ] spin 0 )
HOMO: -0.156580 at state 1 ( [ +0.125000 +0.375000 +0.500000 ] spin 0 )
mu  : -0.156552
LUMO: -0.156498 at state 3 ( [ +0.125000 -0.125000 +0.500000 ] spin 0 )
eMax: +0.326512 at state 0 ( [ +0.125000 +0.125000 +0.500000 ] spin 0 )
HOMO-LUMO gap: +0.000082
Optical gap  : +0.002289 at state 3 ( [ +0.125000 -0.125000 +0.500000 ] spin 0 )
