eMin: -4.289875 at state 0 ( [ +0.125000 +0.125000 +0.500000 ] spin 0 )
HOMO: -0.156898 at state 1 ( [ +0.125000 +0.375000 +0.500000 ] spin 0 )
mu  : -0.156552
LUMO: -0.155578 at state 3 ( [ +0.125000 -0.125000 +0.500000 ] spin 0 )
eMax: +0.325976 at state 0 ( [ +0.125000 +0.125000 +0.500000 ] spin 0 )
HOMO-LUMO gap: +0.001320
Optical gap  : +0.003636 at state 3 ( [ +0.125000 -0.125000 +0.500000 ] spin 0 )
