eMin: -4.290024 at state 0 ( [ +0.125000 +0.125000 +0.500000 ] spin 0 )
HOMO: -0.157034 at state 0 ( [ +0.125000 +0.125000 +0.500000 ] spin 0 )
mu  : -0.156552
LUMO: -0.156485 at state 0 ( [ +0.125000 +0.125000 +0.500000 ] spin 0 )
eMax: +0.325547 at state 0 ( [ +0.125000 +0.125000 +0.500000 ] spin 0 )
HOMO-LUMO gap: +0.000549
Optical gap  : +0.000549 at state 0 ( [ +0.125000 +0.125000 +0.500000 ] spin 0 )
