eMin: -4.304250 at state 0 ( [ +0.125000 +0.125000 +0.500000 ] spin 0 )
HOMO: -0.171853 at state 3 ( [ +0.125000 -0.125000 +0.500000 ] spin 0 )
mu  : -0.171252
LUMO: -0.170341 at state 3 ( [ +0.125000 -0.125000 +0.500000 ] spin 0 )
eMax: +0.424055 at state 5 ( [ +0.375000 +0.375000 +0.500000 ] spin 0 )
HOMO-LUMO gap: +0.001512
Optical gap  : +0.001512 at state 3 ( [ +0.125000 -0.125000 +0.500000 ] spin 0 )
