eMin: -4.304513 at state 0 ( [ +0.125000 +0.125000 +0.500000 ] spin 0 )
HOMO: -0.172729 at state 3 ( [ +0.125000 -0.125000 +0.500000 ] spin 0 )
mu  : -0.171252
LUMO: -0.170850 at state 0 ( [ +0.125000 +0.125000 +0.500000 ] spin 0 )
eMax: +0.453897 at state 5 ( [ +0.375000 +0.375000 +0.500000 ] spin 0 )
HOMO-LUMO gap: +0.001879
Optical gap  : +0.003571 at state 3 ( [ +0.125000 -0.125000 +0.500000 ] spin 0 )
