eMin: -4.282577 at state 0 ( [ +0.125000 +0.125000 +0.500000 ] spin 0 )
HOMO: -0.149839 at state 0 ( [ +0.125000 +0.125000 +0.500000 ] spin 0 )
mu  : -0.149202
LUMO: -0.144310 at state 6 ( [ +0.375000 -0.375000 +0.500000 ] spin 0 )
eMax: +0.327378 at state 0 ( [ +0.125000 +0.125000 +0.500000 ] spin 0 )
HOMO-LUMO gap: +0.005529
Optical gap  : +0.005919 at state 0 ( [ +0.125000 +0.125000 +0.500000 ] spin 0 )
