eMin: -4.319358 at state 0 ( [ +0.125000 +0.125000 +0.500000 ] spin 0 )
HOMO: -0.186763 at state 5 ( [ +0.375000 +0.375000 +0.500000 ] spin 0 )
mu  : -0.185951
LUMO: -0.184673 at state 3 ( [ +0.125000 -0.125000 +0.500000 ] spin 0 )
eMax: +0.312380 at state 0 ( [ +0.125000 +0.125000 +0.500000 ] spin 0 )
HOMO-LUMO gap: +0.002090
Optical gap  : +0.002176 at state 3 ( [ +0.125000 -0.125000 +0.500000 ] spin 0 )
