eMin: -4.319370 at state 0 ( [ +0.125000 +0.125000 +0.500000 ] spin 0 )
HOMO: -0.186990 at state 5 ( [ +0.375000 +0.375000 +0.500000 ] spin 0 )
mu  : -0.185951
LUMO: -0.185246 at state 4 ( [ +0.375000 +0.125000 +0.500000 ] spin 0 )
eMax: +0.311860 at state 0 ( [ +0.125000 +0.125000 +0.500000 ] spin 0 )
HOMO-LUMO gap: +0.001743
Optical gap  : +0.002958 at state 3 ( [ +0.125000 -0.125000 +0.500000 ] spin 0 )
